 <pre>

 Contingency table for Cloud base (m)
 Selection: ALL    668 stations
Period: 20211208-20211222
Used {All hours} + 00 01 ... 09
 Limits    70.0000000       150.000000       300.000000       600.000000       1000.00000       1500.00000       2500.00000       5000.00000    
 Each class is data <= limit, the very last > last limit
 Total number of values     1471951
                                                       OBSERVATION
                                  68204    51363    17388     6764     3710     3306     1732      768    10963 |    164198
                                  26191    47581    26190     7350     3598     2081     1062      705     2374 |    117132
                                  18945    58081    75644    28821     8491     3096      961     1831     2965 |    198835
                                  10130    24954    70700    92242    26851     5756     1796     3691     6278 |    242398
                    mnwc_preop     4681     8832    18917    36852    48473    14483     2494     3316     5594 |    143642
                                   1775     3574     7995    13622    20515    23277     3469     1484     2800 |     78511
                                    689     1474     4184     6486     5853     6026     7438     2224     2330 |     36704
                                    723     1457     3828     5699     3091     2177     3508    10217     3144 |     33844
                                  12241    15418    28411    51062    45859    37306    27732    40018   198640 |    456687

                    SUM          143579   212734   253257   248898   166441    97508    50192    64254   235088 |   1471951
                                                       OBSERVATION
                                  62618    46318    15205     5773     3072     2258     1296      750    10875 |    148165
                                  25993    44999    23641     6516     3151     1428      889      653     2570 |    109840
                                  20314    59194    72618    26026     7504     2535      914     1686     3339 |    194130
                                  11262    26625    72294    91769    25846     5508     1827     3568     6157 |    244856
                 mnwc_pysurfex     5292    10011    19958    37685    49372    14672     2609     3207     5667 |    148473
                                   2692     4934     9617    14808    21356    24655     3766     1529     2849 |     86206
                                   1035     2068     5163     7695     6511     6617     7939     2421     2478 |     41927
                                   1166     2200     4912     6507     3620     2545     3882    10603     3239 |     38674
                                  13207    16385    29849    52119    46009    37290    27070    39837   197914 |    459680

                    SUM          143579   212734   253257   248898   166441    97508    50192    64254   235088 |   1471951

