 <pre>

 Contingency table for Low clouds (octas)
 Selection: ALL    637 stations
Period: 20211208-20211222
Used {All hours} + 00 01 ... 09
 Limits    1.00000000       2.00000000       3.00000000       4.00000000       5.00000000       6.00000000       7.00000000    
 Each class is data <= limit, the very last > last limit
 Total number of values     1476550
                                              OBSERVATION
                                 266054    14438    13324     9868    10976    11740    29858    61155 |    417413
                                  10305     1831     1886     1532     1779     1939     5584    11128 |     35984
                                   6615     1512     1511     1115     1288     1617     4358     9145 |     27161
                    mnwc_preop     5607     1287     1311      984     1295     1396     3877     8346 |     24103
                                   4888     1235     1296     1095     1323     1534     4099     8845 |     24315
                                   4982     1435     1482     1062     1429     1766     4755    10640 |     27551
                                   6705     2019     2141     1807     2179     2837     7694    18016 |     43398
                                  44905    19036    23082    19319    27566    32973   145278   564466 |    876625

                    SUM          350061    42793    46033    36782    47835    55802   205503   691741 |   1476550
                                              OBSERVATION
                                 261401    14509    13168     9845    10768    11768    28666    60087 |    410212
                                  10894     1927     1968     1576     1895     2066     6066    12386 |     38778
                                   7359     1528     1563     1179     1435     1637     4667     9662 |     29030
                 mnwc_pysurfex     5900     1356     1403     1104     1462     1477     4322     9217 |     26241
                                   5617     1334     1388     1081     1365     1630     4481     9875 |     26771
                                   5540     1445     1571     1219     1601     1892     5048    11873 |     30189
                                   7331     2110     2336     1822     2410     2938     8334    19803 |     47084
                                  46019    18584    22636    18956    26899    32394   143919   558838 |    868245

                    SUM          350061    42793    46033    36782    47835    55802   205503   691741 |   1476550

