 <pre>

 Contingency table for Cloud cover (octas)
 Selection: ALL    407 stations
Period: 20211208-20211222
Used {All hours} + 00 01 ... 09
 Limits   0.500000000       1.50000000       2.50000000       3.50000000       4.50000000       5.50000000       6.50000000       7.50000000    
 Each class is data <= limit, the very last > last limit
 Total number of values      818046
                                                       OBSERVATION
                                  46026     6670     4301     3071     2281     2279     2931     6288     9601 |     83448
                                   5347     1315     1328     1067      751     1029     1652     3568     5921 |     21978
                                   2679      688      801      659      546      676     1100     2484     4466 |     14099
                                   1919      545      624      598      424      608      947     2147     4137 |     11949
                    mnwc_preop     1635      490      543      545      349      599      907     2131     4328 |     11527
                                   1520      499      557      490      362      623     1010     2308     5040 |     12409
                                   1771      626      701      615      453      668     1188     2993     6781 |     15796
                                   2508      839      926      856      636     1085     1872     5337    13011 |     27070
                                  16539     5431     3780     4721     4320     7123    11633    94276   471947 |    619770

                    SUM           79944    17103    13561    12622    10122    14690    23240   121532   525232 |    818046
                                                       OBSERVATION
                                  46705     6926     4285     3176     2275     2271     2863     6204     9806 |     84511
                                   5076     1259     1327      992      793      994     1614     3623     6117 |     21795
                                   2577      705      823      681      543      709     1131     2595     4697 |     14461
                                   1969      582      631      583      416      611      970     2093     4242 |     12097
                 mnwc_pysurfex     1642      509      563      536      345      610      911     2187     4545 |     11848
                                   1605      531      583      529      381      707     1033     2380     5435 |     13184
                                   1753      600      670      619      446      673     1277     3184     7625 |     16847
                                   2451      854      925      887      671     1082     1949     5688    14392 |     28899
                                  16166     5137     3754     4619     4252     7033    11492    93578   468373 |    614404

                    SUM           79944    17103    13561    12622    10122    14690    23240   121532   525232 |    818046

